"r0" "rhat_sup_w" "rhat_ssl_w" "rhat_ns_w"
"1" 0.0664003388073833 0.0916183526914185 0.083924855855545 0.0838657369403709
"2" 0.0921587373156881 0.178918048197362 0.0776674071640405 0.149209999134114
"3" 0.0876154192752472 0.359313216688378 0.244837412433277 0.230077405683195
"4" 0.0602618204313022 0.180567532922209 0.0787094571580499 -0.00382255386301648
"5" 0.0746016174581066 -0.0878650415466617 -0.0643907818188669 0.0599412741103501
"6" 0.0828806606207342 -0.055007224589589 0.0368333222743131 0.145983424077399
"7" 0.0891294531142871 0.427255423447288 0.23476094755014 0.212511951351156
"8" 0.070447155166937 0.307499152052525 0.184949461307624 0.149270945602404
"9" 0.077409907678421 -0.0634986684097859 0.00980812324110049 -0.0196992441871621
"10" 0.0770411822862765 0.309546963185213 0.113858478655237 0.134485141590449
"11" 0.087039659415543 0.0531668953826802 0.0291432980841553 0.0589152905830825
"12" 0.0653283062641321 0.187793144895263 0.10447911537589 0.152843177483983
"13" 0.0790320870257926 -0.0080332459842686 0.0697209605568962 0.109043428087064
"14" 0.0860146130947557 0.083113374026029 0.0337735166200617 0.0586652628286714
"15" 0.080625277315909 -0.0225824120473003 0.0681760095223922 0.17947033828395
"16" 0.0589686061636113 0.0627083272678496 -0.0224964280420803 -0.0369095055972379
"17" 0.0679911612230969 0.0153916008902175 0.00109277847539339 0.0206317153728283
"18" 0.0795899624290359 0.0469114342286103 0.157144042118002 0.146415655782564
"19" 0.0810575552932728 0.208278722814402 0.0671074819313423 0.110616987533574
"20" 0.0689086599769433 0.144597403202272 0.129065174776053 0.135846659201946
"21" 0.0673642623468698 0.280472842112472 0.267469029752589 0.055464335369763
"22" 0.0787895125061446 0.211615548147109 0.113110375303426 0.167781262828172
"23" 0.0799179579021621 0.0405950423773857 0.0778764550486173 0.0379281468948387
"24" 0.0767880068311413 0.219319675894094 0.164184985385753 0.170847434996971
"25" 0.087636346387814 0.104337661361916 -0.0201408525175501 0.166498835764816
"26" 0.0773270330567214 -0.260191910671673 0.00200360108149975 0.00484305893437652
"27" 0.073740554460617 -0.0803905439276801 -0.0702137051962723 -0.0188445180075108
"28" 0.0829566752706563 0.263975174986866 0.208471767649307 0.17359765380216
"29" 0.080497078283102 -0.0732737990043501 0.122710225171948 0.107560121326174
"30" 0.0986813914721689 0.0994754022953126 0.00639831581613783 0.0366928263785187
"31" 0.089292214084137 0.0585344993628585 0.048305000110778 0.0683404478236343
"32" 0.0942027625145697 -0.0632599856997304 -0.037584147724991 -0.0188924341791248
"33" 0.0901632435421709 0.102333199977065 0.108786838432878 0.108188794904695
"34" 0.0800464453203366 0.174960865707032 0.0496174731867328 0.0916955605483108
"35" 0.076917703382449 0.055065560243898 0.0667633974856823 0.164500588900742
"36" 0.0803597836455749 0.0622369861880948 0.0535204148262877 0.0545866906833969
"37" 0.0890395178612731 -0.0660808453098226 0.109020001804527 0.0932752606150739
"38" 0.0723621395235959 0.175809574116593 0.085126498966799 0.00793900847620024
"39" 0.0830718646887164 -0.102707066187614 0.0641987435124095 0.0739048469458409
"40" 0.0818781062365905 0.0639815444700215 0.19752230125435 0.268802463284422
"41" 0.0824943074648859 -0.043543545622837 0.00392081216811272 0.0426222080577956
"42" 0.0829864618435575 -0.0377547934151422 0.067595030629815 0.204294424998043
"43" 0.0867729958907385 0.270138912123009 0.350478515772818 0.175010424820198
"44" 0.0672074425087681 0.0685784259680947 0.0842322752806354 0.0776496449741659
"45" 0.0773863585766738 0.162106452178056 0.0203203432466396 -0.0702634549642597
"46" 0.0788007024784136 0.041461660103162 0.166124163083528 0.183616100914079
"47" 0.0688647041212226 0.0192277812805835 0.0789455856053292 0.103870251739903
"48" 0.0736646618994784 0.176540758867979 0.0916815206726693 0.125126955688468
"49" 0.0663559296558612 0.0631403943148829 0.104684290183138 0.121811427491355
"50" 0.0890633091708027 -0.0136293701107332 0.0547771591780047 0.0885808562567517
"51" 0.0761322715725605 0.234120049411069 0.173936919249494 0.230493260390368
"52" 0.0841790683030303 0.120568477190824 0.00503539540896417 -0.0533675437380519
"53" 0.073405243258072 0.234936939033021 0.25160975638826 0.250358106765976
"54" 0.0581755130383942 0.0309930694669681 0.0361332951709691 -0.0222611010622517
"55" 0.0636803963934689 0.117359133940359 0.0735622769321591 0.102476022061727
"56" 0.0653543088831586 0.469851908179939 0.359490118764329 0.23745312054742
"57" 0.0834047456710478 -0.0567823098963354 0.00578318367033061 0.0738615432102761
"58" 0.0790990507588777 0.113719912125 -0.0509154932903073 -0.0291190343792144
"59" 0.0708740523110499 0.24681768118702 0.176826021124088 0.181611293298728
"60" 0.0722889731840345 0.241686821831836 0.0212220857500261 0.0194869029110121
"61" 0.0715981315166556 0.439147358317906 0.268198121356857 0.216228288227016
"62" 0.0636704842443625 0.0373880111123534 -0.021664131951014 0.0372635787631276
"63" 0.0750174494061905 0.0592691817451059 0.118374956431005 0.121002294352947
"64" 0.0783372255613761 0.146486566486192 0.113737013343563 0.0479694912205553
"65" 0.0611823345126673 0.117093398752234 0.14591335901851 0.115698198639571
"66" 0.0850872388197885 -0.314071643907591 -0.136694647936292 -0.0534771037333173
"67" 0.0905281694463207 -0.0217725191704183 -0.137002988741886 -0.117605237859449
"68" 0.0750268173696258 -0.0164739412536139 0.0184389523953219 0.0152090520340148
"69" 0.0681226756239634 -0.183259309812618 0.0301351991589234 0.086763123141285
"70" 0.0720421090073946 0.0466912295954303 0.072508757952644 0.174678530791834
"71" 0.0931904540813034 -0.0173180457236046 -0.00784682115901491 0.162497375675651
"72" 0.0802481182239833 0.203350940466898 0.17232221851104 0.190354330345565
"73" 0.0794475734554581 -0.0200382279060593 -0.00280627514743754 0.0496070280820105
"74" 0.0799683220218069 -0.0143783494320425 -0.0748629510484324 -0.0287640195225478
"75" 0.0762497489331402 0.205076834387359 0.0472378137710224 0.101187796535123
"76" 0.0847574718779453 0.0949956957926487 0.112297778753247 0.105868116242124
"77" 0.0706154310229263 0.188329666652938 0.288330418380124 0.306483233193719
"78" 0.0804468706988651 0.022221862292134 0.0377169138613467 0.0565958704260142
"79" 0.0871517780177628 0.0382770816630329 -0.00976516764625727 -0.0157119158888916
"80" 0.0831781639033708 -0.0231373481147708 0.0110789226380439 0.130649389937272
"81" 0.0758417244153089 0.0880328260803584 0.101293377446425 0.162026015413216
"82" 0.0792855067292822 0.162139283778517 0.13315997960593 0.201121870299242
"83" 0.0730144206894466 0.360788215625829 0.292035501203791 0.310096573266996
"84" 0.0685324756971012 -0.0717572096094095 0.00437340805246986 -0.0233233844505932
"85" 0.0799066582929721 0.0315918253597939 0.0228373050700814 -0.0485445892351324
"86" 0.0695027658401158 0.0879993165756741 0.108890937338997 0.0187588232117174
"87" 0.0933490788188884 0.15974682527035 0.0877308568309876 0.0375827058625359
"88" 0.0868935438995547 0.0647042591785422 0.0153324023328686 0.00414085704345014
"89" 0.0738096184102022 0.117787343498068 0.0496502780297043 0.0799150149102817
"90" 0.0819756384667759 0.17853672710003 0.0845631135448185 0.13048247745576
"91" 0.069113319080391 0.0926934093106018 0.102071664440595 0.151200101951572
"92" 0.0841878017625959 0.198086360750567 0.135510925781228 0.108051366279232
"93" 0.0777760345501979 0.0238068118475953 -0.042310044292553 -0.0253705743275101
"94" 0.0676795988087065 0.0954608856409801 0.106318692376058 0.17343942199255
"95" 0.0614930803694341 0.0265975009724893 0.064161548777971 0.0884040533734627
"96" 0.0938271647219524 0.0512323837851087 0.0160282028790031 0.0204106393376767
"97" 0.0870401659090411 0.267651704087094 0.241930671877257 0.206240585955147
"98" 0.0806345921325323 0.146634457565443 0.010886916123985 0.081338648084739
"99" 0.0671066479068526 -0.0310721291120856 0.0647289134914789 0.16066899869279
"100" 0.0777664626407457 0.330642052721386 0.137829769712277 0.0917352908981457
"101" 0.0640541943398293 0.0846729771262776 0.124786726576664 0.146643149469052
"102" 0.0658949386996526 0.119300642551121 0.177638078701937 0.148893492175345
"103" 0.0660915269386792 -0.0970409763209503 -0.0123413664969489 -0.0057588188645624
"104" 0.0810766729871963 -0.0727723786228394 0.0526501243378554 0.115236697080652
"105" 0.0777234793204186 0.00150985601845173 0.0481794224690631 0.00977448935319875
"106" 0.0774321948506791 -0.162348512459812 -0.0773920557586149 -0.0596439516092876
"107" 0.0818432026570531 0.269101481199798 0.225803849137299 0.234564915707869
"108" 0.0899048401650951 -0.08842769696801 0.146588431720235 0.266159943022529
"109" 0.0734817211777416 -0.0336641670439987 -0.0076379602889247 -0.0664291096362158
"110" 0.0600030440472162 0.177930922932295 0.110842577865931 0.0938601295295535
"111" 0.0719862082218024 -0.039613720397645 0.0594953353724121 0.00683602871543315
"112" 0.0890090681094398 -0.111859007820678 0.0157918102940898 0.0502418660189344
"113" 0.0688352102401031 -0.127860546845309 -0.133887996155578 -0.17313918237107
"114" 0.0820186800087864 0.121686864663308 0.0189576983275759 -0.00159686335378472
"115" 0.0749939682826273 0.220916788673575 0.178433159267714 0.114213292830893
"116" 0.0829510601253544 -0.0685485430007864 -0.0352328143050449 0.0198968255402995
"117" 0.0937719879542376 0.318188670675257 0.16176313780414 0.147502946424037
"118" 0.0659110854872213 0.0187227200805694 0.0191592081763856 0.0202696760681736
"119" 0.067969335054742 0.002776671749628 -0.0291002753091748 0.0214174755996828
"120" 0.089282334425443 -0.00843579749808365 -0.000923609806893773 -0.0185932037194471
"121" 0.0676254172505218 0.522422230983335 0.206474470088167 0.176448223760721
"122" 0.0678596366053732 0.241355134045685 0.103718594978036 0.145442278983025
"123" 0.0896276936724458 -0.240981526621557 -0.0256890559538376 0.128115077325693
"124" 0.0870201419286807 -0.00189333644177799 0.0705731952176609 0.0556514472818152
"125" 0.0891010098526295 0.224647918688953 0.194111044840076 0.164361722649669
"126" 0.0834418446606176 0.182993702496988 0.232516879836429 0.240675858120624
"127" 0.0886896429043037 0.0700045790188541 0.114298848803957 0.167388529062758
"128" 0.0832239833537491 -0.125351832055138 -0.026839913171176 0.00187011777566479
"129" 0.083405495870994 -0.041289867862134 0.0131672822052694 0.0635178193116963
"130" 0.0799152173318038 -0.352908628393382 -0.144117791471898 -0.122193099393737
"131" 0.0839106694295856 0.0466580883352784 0.0867999796870447 0.134845299828735
"132" 0.070033495870553 -0.0840066245404403 0.00927328783784268 0.0882034087879768
"133" 0.0646315424427686 0.101757501745589 -0.062927240658316 0.0449552804735074
"134" 0.0789062029654688 -0.14430058864913 -0.0336867747855511 -0.0293508755325226
"135" 0.0757267993393398 0.114175538544996 0.00513368350665446 -0.0621560053883299
"136" 0.0640706724005856 0.155216889120651 0.0621487043100775 -0.0310356396111884
"137" 0.0933884560823225 0.148091072107648 0.091251521234462 0.177211076317807
"138" 0.0839094271155394 -0.0158818016531299 0.0517560323969088 0.106139513114938
"139" 0.0747763179720143 0.142039382987185 0.0179124164359532 0.0493514195051115
"140" 0.0768334573961625 0.0678454514160433 0.0356701781863523 0.0172676095716292
"141" 0.0761433397083155 0.139217349515437 0.14029068569304 0.129985893164661
"142" 0.0806307355643204 0.246859280321756 0.0147202462836556 0.0519931427954313
"143" 0.0852745585299193 0.125128975752699 0.216623034745557 0.219280412597681
"144" 0.0806450549560995 0.18061955575777 0.138820161719526 0.134826525324033
"145" 0.0753541589738761 -0.0612797799654198 0.120833273590871 0.132708433801085
"146" 0.0609078891042779 0.244419750749483 0.130127320003362 0.096997353279102
"147" 0.080546611269141 -0.0106518496468992 -0.0161256223396058 0.0124560886550147
"148" 0.0788232951738321 0.115974472065258 0.121294433875238 0.244434010092633
"149" 0.0943768585522843 0.0639949536392697 0.0801125176018182 0.0453727158046563
"150" 0.0726131001657033 0.0494748027162282 -0.0464155630419346 -0.0620319465304884
"151" 0.0856130699310652 0.123128366631131 0.066142336114238 0.152938489821538
"152" 0.0649897620008575 -0.0101921911929476 0.00743962029879407 0.122700089435846
"153" 0.0750107893072631 0.0832459896539172 0.0288447938833986 0.0774615472125686
"154" 0.0722980631568543 0.0709892279145035 0.0450668125283455 0.136116431254532
"155" 0.0654290027645125 -0.270078369402461 -0.117564543150348 -0.0477346048144969
"156" 0.0762229410052428 0.148921026597309 0.0692383347090029 0.112785332962129
"157" 0.0763236680879477 0.0237365737990897 -0.0589553349718758 -0.0691272220919446
"158" 0.0768280201264802 0.0989513321619063 0.193641500026142 0.214411379478959
"159" 0.0826628192679438 0.348402886446057 0.239951303304082 0.228849123514751
"160" 0.0798448989202806 0.0192791510447961 0.0137694886225952 0.0498797022149635
"161" 0.0558826907978117 -0.207286383102311 -0.0705128749817227 0.059198146291184
"162" 0.092268085753521 0.0286569864280281 0.092302147919404 0.0893788308817165
"163" 0.0872859029761468 0.173279643457834 0.139883285407008 0.108418468030234
"164" 0.0779636549432772 -0.157964878148207 -0.0360031485429693 -0.00652181902989888
"165" 0.0910312037970358 0.138008324257596 0.115995861258824 0.127966550497254
"166" 0.0814451615467835 -0.127725237991964 0.00973763880518799 -0.0178236307746279
"167" 0.0838905236721042 0.169225912802633 0.0709544971447577 0.0844731827545944
"168" 0.0751359430580226 0.0748323918155248 0.112138324242821 0.0940537046327538
"169" 0.0740368707114971 0.218325142497956 0.125127156014294 0.19780243917784
"170" 0.0771107327432282 0.14082452086473 0.21212709427006 0.27630030910274
"171" 0.0796058572009146 0.0106223554317548 -0.0692874900590132 -0.132916128595022
"172" 0.0787183251807325 0.0526167679045223 0.149150273692671 0.152392195997307
"173" 0.073447292469706 -0.0644993398126929 -0.00547846025208262 0.0112472930351476
"174" 0.068392904540651 0.248860302626989 0.037774535647699 -0.0446316356968294
"175" 0.0839916384676964 0.114301453880578 0.0506851530246114 -0.0404149673020069
"176" 0.071712463759668 -0.0035676973753975 -0.0335097949346293 -0.0164045393722481
"177" 0.0734537861102698 0.0379611675197468 0.164568879459402 0.188734259128394
"178" 0.0659354702619615 0.329970436775999 0.280083291361991 0.255604407340925
"179" 0.0683559409004541 0.0963143272271621 0.119353422023827 0.0934389903674773
"180" 0.0835856250323077 0.164881045875369 0.0566978727175766 0.0826374724196383
"181" 0.0848882079302315 0.103725438617767 -0.0145026766414121 0.0649137565815147
"182" 0.0779387703977983 0.195947504533598 0.113619853787154 0.122900978697355
"183" 0.0810095113268091 0.166601711442044 0.16790796975088 0.147227802157016
"184" 0.0826286145405569 0.318593813993675 0.285351589979909 0.277207811549981
"185" 0.07396361750666 0.0167269243146992 0.0672504592236461 0.131360236083038
"186" 0.0846814944254149 0.231797773966206 0.264052862961742 0.139389116851493
"187" 0.0678605540313867 0.202625094124706 0.0681344007665876 0.0605213468088864
"188" 0.0706225194806022 -0.0148712923866087 0.0473818629511882 0.171864057988324
"189" 0.0813009891536025 0.109458551377294 0.10445170433653 0.0175072963725567
"190" 0.0753227704366189 0.145863659511207 0.0935524759242644 0.0474165443160719
"191" 0.0873973073071739 0.195373493418729 -0.00996062750354169 -0.0794414074736728
"192" 0.0591481957757425 -0.165669524576401 -0.00305375692360923 0.0493279890392072
"193" 0.0783154143110932 0.0654449060601642 0.162570632871577 0.182694149442953
"194" 0.0703018878650873 -0.0269812237250195 0.0660619088761696 0.073019576043156
"195" 0.0666022781579339 -0.188543048161006 -0.056650982217459 -0.022118389866253
"196" 0.0806015647136846 0.469073975195943 0.262302431758716 0.125029774164186
"197" 0.0698279030202763 -0.0852940593498708 -0.0563959507575989 -0.0463786760539789
"198" 0.0873534215984692 -0.0860100675914949 0.0129161216276368 0.0706979066278465
"199" 0.0894836058748634 0.142649714223895 0.109439502659391 0.156734759621429
"200" 0.0702959287629593 0.260732541613241 0.129410534180289 0.0328831127247974
"201" 0.0671141287093671 0.41465434335755 0.293339877447078 0.171718042289573
"202" 0.0839158790014908 0.166654508914038 0.0952750903133911 0.0902968909733573
"203" 0.0827723491637531 0.0172429322213147 0.127126927407735 0.112076596093738
"204" 0.0767002451296812 0.237659254819129 0.156768755862237 0.16889868637295
"205" 0.0699149695013614 0.286037356389125 0.16534583257805 0.288967654999214
"206" 0.0850760140823791 -0.087676603074645 0.083101416621606 0.0918371392602684
"207" 0.101331090785513 0.0889276449492231 0.137317575146747 0.190131771146848
"208" 0.0716238826783932 0.00980763391460134 0.00781570566042369 0.0163549846451987
"209" 0.0868669251227627 0.143794811521991 0.0213082477159938 -0.00384985357444594
"210" 0.0847149852797776 0.248107428950271 0.151651887097292 0.154175222303564
"211" 0.0692086375690456 -0.0641084677642723 -0.00149528355142524 0.0483707815508517
"212" 0.0778333387114081 -0.310954878470991 -0.0290753208295763 -0.00750403941959488
"213" 0.0767740799155235 0.138412269535283 0.139827253354753 0.117221420799362
"214" 0.0680669824268942 0.10714263616829 0.115763547325748 0.101804630126877
"215" 0.0828669927939096 0.318324408145915 0.18320026829512 0.185336906580979
"216" 0.0785510752613135 -0.0222990943953089 0.0759376087527166 0.0821923242069867
"217" 0.0938796340176822 0.149499297038082 0.202216462441402 0.274568266482834
"218" 0.0780292233695902 0.195892665591827 0.101403672027799 0.167216120767134
"219" 0.070375852286582 0.0325339383235486 0.186366074347907 0.222969857519915
"220" 0.0723204886119104 0.138316931984404 0.0907909516481342 0.0912497148872813
"221" 0.0706466893493362 0.00380302357749326 0.0644077653100833 0.0929965320777538
"222" 0.0738139894838019 0.0496212062002905 0.00708253603372829 0.102544991720924
"223" 0.055657216954531 0.0351443006618349 0.0445498075691369 0.0794513725704662
"224" 0.0821146166427308 0.0708973097832065 0.0232917559225661 0.0163665297885471
"225" 0.0638704688341197 0.0864693445576312 -0.040154293507018 -0.12049018495338
"226" 0.0834933872210624 -0.215441051715228 -0.0653645232457512 -0.0609581152434759
"227" 0.0756812801282706 0.0185041390245427 0.111239523839365 0.154374159576813
"228" 0.0874284386114938 0.142678125996228 0.23447572962795 0.274931426047429
"229" 0.072227121408374 0.269927533232916 0.0557135823696079 0.046991395239426
"230" 0.0805660121739301 -0.191273061812114 0.0185526276272759 0.17434639946218
"231" 0.0858237715936512 -0.00406222137303055 -0.0727262696641223 -0.00439177136549076
"232" 0.0730920529734222 -0.00657140789791165 0.0103897065094269 0.0656419764967003
"233" 0.0800062123300723 0.328235353899909 0.171485099177718 0.234392439686985
"234" 0.0691272727860692 0.138577864815905 0.114798834009308 0.118048038364804
"235" 0.0855666031821661 0.106920365300034 0.0667966659424468 0.0627162250227635
"236" 0.0797599174256473 0.0584410190735694 0.0703020250326357 0.0347430955270662
"237" 0.0800439975675292 0.0427886524739382 0.0971282022144851 0.203138840578715
"238" 0.087802657756018 -0.0814701183286807 0.137402165227833 0.148742227629556
"239" 0.0874498705720807 0.174922664094061 0.108960762070511 0.0264719311649007
"240" 0.0907260902402015 0.104330784393801 0.19019066919565 0.139200484179966
"241" 0.0803322438816498 0.129816516864694 0.116418344315727 0.14519337569484
"242" 0.0717349479826892 -0.00802402951672446 0.0151094791938611 0.0755426131278053
"243" 0.0696776077034377 0.23639731719641 0.117768577473371 -0.0162311740014888
"244" 0.0791519426248515 -0.0825359558430432 0.0455139972561421 0.0575456444662579
"245" 0.0699511090254068 0.256497455377687 0.249716149610515 0.126337596696913
"246" 0.0756497888406474 0.108466505976525 0.106707782285633 0.0842692001631284
"247" 0.068174063071809 0.190265658873395 0.251705606279276 0.197721792995546
"248" 0.0786969008918803 0.102444295862025 0.173043853186719 0.111941710916111
"249" 0.0842684864169395 -0.0895820242116498 -0.00926261223579615 0.0125937560911394
"250" 0.0579125663430836 0.310376507962567 0.220379493737781 0.206028811878327
"251" 0.0941661066395669 -0.174444896883585 -0.093117444561746 -0.0613581762035479
"252" 0.0816898155277618 0.230268977852794 0.120180494507727 0.0698236236580611
"253" 0.0919536366903627 0.0342014000992465 -0.0144732393714234 0.0638697389957725
"254" 0.0703811905117733 0.157049528878342 0.112277498228689 0.0931079860321318
"255" 0.0814804042480413 0.00162204620760163 0.0991263729855786 0.0192840384105899
"256" 0.0737995124444767 0.190137309256333 0.121553082955321 0.120648177300327
"257" 0.0768924997768932 0.140215552533722 0.118738833600996 0.172377010031953
"258" 0.097368030642961 0.322357897072903 0.192195734759542 0.138553795996231
"259" 0.0764877899227724 0.296185298196748 0.0650782991259583 -0.0465608266781819
"260" 0.0874303675114806 0.0508144894480278 0.0304232470259512 0.155018105412268
"261" 0.0746496739650105 0.169653120280011 0.206157454245819 0.147843778519327
"262" 0.0705917673392832 -0.00108723304791685 0.0861793650659655 0.0824535835450338
"263" 0.0717216563876278 0.189238998302134 0.183626757411007 0.262840072169068
"264" 0.0774297176506623 0.175511327156373 0.160902747228797 0.272402670473654
"265" 0.0744143538607611 0.115748740113449 0.136277052317259 0.142065723120447
"266" 0.0628103413033173 0.164673311773514 0.0231684290102627 0.0350073783799694
"267" 0.0773152473320792 0.109563466828076 0.146660347872335 0.117487764400503
"268" 0.0666689466027352 0.0195083205528393 -0.00576907338850433 0.0744308930252033
"269" 0.0975969193420935 0.0858010454626187 0.0749012303098221 0.0611797001448532
"270" 0.0745617850289588 0.165541793172856 0.153736994049841 0.110646144224483
"271" 0.071987145838882 0.188902903846949 0.213939549027027 0.298783664904029
"272" 0.0951486251594919 0.0127315034603862 -0.00299851385573794 -0.0592346972042702
"273" 0.0782616392787157 -0.228328999681727 -0.109369834337961 -0.0453516340084113
"274" 0.0717829998982304 0.245092628181888 0.166437335740146 0.0617318245423427
"275" 0.0853023214146057 0.0841254288685027 -0.0465386785985134 -0.0518427462186381
"276" 0.0837645797877111 0.0738433656951375 0.0419829791481938 -0.00372089740338418
"277" 0.0657255836323377 0.284706888922797 0.171255799653408 0.0864570570623887
"278" 0.0740983961257294 0.00150437332975289 0.0230857347421673 0.102409486826601
"279" 0.0687206014765982 -0.00758664989367297 0.128629562668962 0.0115541940517854
"280" 0.0883534623863474 -0.0527899225457957 0.0598140802104492 -0.00775038201434428
"281" 0.0769045625380485 0.133751052688533 0.070457898408087 0.0168855839573196
"282" 0.0775633254541409 0.138923434561185 0.0778988287737768 0.0788310487000418
"283" 0.0687791170983791 -0.263320150840593 -0.021865716658861 -0.0126465798991156
"284" 0.0796735989742926 0.0673712927189699 0.0247478286441854 0.038705236657806
"285" 0.0756442842797268 0.0334378180484122 0.029216513114591 0.186909015337045
"286" 0.063848851020239 -0.065280087203097 -0.0391080608975119 0.0119080300969971
"287" 0.0857525978415148 0.230895955363776 0.122537884705611 0.118122704671688
"288" 0.0989608637443184 0.113083344113322 -0.0445391249955 -0.0392223913506492
"289" 0.0793096420104812 0.108104395001956 0.102483260514401 0.1200960146644
"290" 0.0793971297572363 0.019872370788997 0.0947557253826936 0.123345477527705
"291" 0.0831705497533015 0.128874122962117 0.140693547330633 0.146551533836069
"292" 0.0790853655980339 0.043385471705752 0.105838724637018 0.204149078004838
"293" 0.0722637785120172 0.202930403744131 0.213122177348067 0.215024486031189
"294" 0.0623911681767501 0.212068790674662 0.151441623665716 0.0945667710702521
"295" 0.06758853597319 0.183910865841403 0.0986093041573768 0.110143624207667
"296" 0.068185033438003 0.111995157213152 0.0998588506125242 0.130069628691442
"297" 0.0859920147228248 0.309994359844849 0.275347393857388 0.193124816753082
"298" 0.0780002253090039 -0.114492488922214 -0.0869015907871119 -0.0623951917026957
"299" 0.0746139712572599 0.104411525294993 0.116102711090011 0.0961600551471852
"300" 0.0671615167224668 0.0216605550272119 0.0156121843420773 0.0417189403367984
"301" 0.0896244649156323 0.107281808982622 -0.0033918958303421 0.0433519817702749
"302" 0.100481578717928 0.167038831729651 0.134407701477137 0.0869529897120857
"303" 0.0870794831028353 0.0654755596058372 0.00482415238830975 -0.0231487663179365
"304" 0.0835256838193327 0.0289170586377942 0.0597509652584482 0.0589419990076505
"305" 0.0814632993561111 0.348598917861332 0.302531215551068 0.373083405866951
"306" 0.072658153225465 0.00387717495744403 0.0166851531335343 0.0787095850883041
"307" 0.073167668622729 0.210092089109554 0.194219128071978 0.259069171925668
"308" 0.0794067816218057 0.306830955503439 0.094517037869884 0.174282815722218
"309" 0.0783010194687423 0.336599169315993 0.145882382444423 0.126674703816762
"310" 0.0828875413400242 0.328571636441993 0.126531228616393 0.105146342503303
"311" 0.0899847819781068 0.136587684905319 0.0992947414435775 0.0171117343457812
"312" 0.0680368744919774 -0.00261500460355482 0.0484978900375919 0.0349445589510513
"313" 0.0589407924992091 0.0354533005798889 0.13500986858226 0.17902582353545
"314" 0.0875362504442112 0.0318337174976071 0.122128404677115 0.0285457296999592
"315" 0.0775384124369221 0.377739786954522 0.18119733808945 0.150500557021559
"316" 0.0815097824860659 0.143715878487836 0.0279152161485749 0.0278360460834227
"317" 0.0650483544566856 0.137918680932444 0.104281204749186 0.10546951389878
"318" 0.0608241549264292 0.246211033563412 0.170729995704296 0.178324576604628
"319" 0.06773613096289 -0.158216591038131 -0.113538506364725 -0.0411363149570858
"320" 0.0717018595226248 0.132454510359224 0.117309591905641 0.0457722989045942
"321" 0.0937832227816189 -0.0251437904909369 0.0847876906668025 0.016372962752274
"322" 0.0779047050803144 0.00375761185327379 0.0553345915223824 0.152982203783505
"323" 0.0800520350239116 -0.0455038557456313 -0.0201599342788251 0.0227380494191462
"324" 0.0578203451632831 0.198720918394635 0.0634620237531931 -0.0356652932624584
"325" 0.0809917028661215 -0.0417493960783922 -0.048697586331572 -0.0665235051000095
"326" 0.0680272504747579 0.141419352814739 0.155990754809515 0.187881202043474
"327" 0.0742423590254272 0.303110167305563 0.0593524555209028 0.156267001840907
"328" 0.0859890860566741 0.249631611630702 0.0522148733730379 0.173371349321435
"329" 0.0902679662780528 0.0768041411251978 0.0979293575719184 0.17805607102016
"330" 0.096884577166395 0.132705912801849 0.080183792999651 0.0777440267056318
"331" 0.0766469133372596 0.247221334290215 0.0631996794907112 0.178102125424782
"332" 0.0767366241785702 -0.120694886600912 0.0615517060225587 0.165708557272564
"333" 0.101016497928456 0.085925894091837 0.0330219500075728 0.0644051341907481
"334" 0.0700203575780086 0.00604661887018673 -0.0577715447277738 -0.0188936595651857
"335" 0.0893862123730517 -0.0504046782686439 0.118061782380016 0.0742619988824906
"336" 0.0647644921963515 0.16541563665144 0.00834830737987108 -0.0186450694268793
"337" 0.0785451512870682 0.193670558763161 0.0796814327558994 0.0723549061763223
"338" 0.0814964521861102 0.148726532875397 0.088489997535323 0.1569896720464
"339" 0.0806541010316161 -0.0222310837422259 0.109892841310682 0.165254381526694
"340" 0.0695591638358658 0.0659906215738687 0.0944021163652576 0.062646559974753
"341" 0.0820562308744892 0.0576887984298941 0.127260462430168 0.107506768424486
"342" 0.0825734373501244 0.0285071379859975 0.0763897014858767 0.0911047716549122
"343" 0.0806178621628563 0.085880356504689 0.0117018102578739 0.110209099841483
"344" 0.083549051081492 0.412138101611335 0.184489446467359 0.116024430655171
"345" 0.0846192823764527 0.274518855407324 0.182913260971077 0.116981217978761
"346" 0.0727203177894504 0.0203882296685042 -0.0178379712143377 -0.080459185565497
"347" 0.0774300962774544 0.0774097369894553 0.0704466986013445 0.142893898550538
"348" 0.0946838314210293 0.0751286392818824 0.0176834596550811 0.0437024527240304
"349" 0.0733752343072456 0.223488721175006 0.116256514756633 0.0555996509439867
"350" 0.100244761181867 0.124064923446621 0.0700510200877936 0.170292757295379
"351" 0.0811230323496733 -0.111867457678405 -0.0895168720652941 -0.0599334221228966
"352" 0.0874695335110053 0.164366443260179 0.173069736752865 0.157188420141092
"353" 0.0655167626944929 0.235858258240679 0.0718650631452226 0.161802419954593
"354" 0.0681558032755166 -0.0543514638778977 0.0301305949912499 0.0422504242581367
"355" 0.0729506538302426 0.0843968388325525 0.136849575042761 0.170496252463338
"356" 0.0734505476745274 -0.0624622036898561 0.0379789876812029 0.129146877134024
"357" 0.0588630418989522 0.139219198314629 0.0353880370513107 0.0667202671266339
"358" 0.0697809715190262 0.0702631868081323 0.051398813285885 0.0067823649892899
"359" 0.0847366245271641 -0.24989145504464 -0.0121192502549135 0.0488482016881252
"360" 0.0746942639061115 0.168163119651904 0.160526436533288 0.178671578484968
"361" 0.0890913890316836 -0.0199676687743156 -0.129317283073469 -0.0183503196674072
"362" 0.0821398603958248 0.0884626866330029 0.00937612932198305 0.0719343369073159
"363" 0.0778656600837684 -0.289970228362984 -0.130565450100173 -0.111250315430914
"364" 0.0815688908952997 0.133074524582144 0.111077504169502 0.0862883065263109
"365" 0.077785524253413 0.107193740688258 0.141147279661367 0.133855502019491
"366" 0.0879940142559357 0.194247608572523 0.216038656311619 0.230374872987322
"367" 0.0560314450271004 0.254645278430073 0.106865146878096 0.089154084206268
"368" 0.0820945676504352 -0.00447387019578641 0.0862389546535031 0.129574253812537
"369" 0.067592889952042 0.0929482141217238 0.0166196092534827 -0.00791608096255993
"370" 0.0865049000577095 0.550853396171577 0.364643034592943 0.26895164455484
"371" 0.0721182582696855 -0.0165960940118063 0.113194845240099 0.113789593353741
"372" 0.0935489586567507 0.0798713141186556 0.00921804394603312 0.0481816789572287
"373" 0.0840501021498346 0.189317021832552 0.06764184537359 0.0109913984331491
"374" 0.0750474742765272 -0.115900074089502 -0.0952305374481777 -0.0535833335026571
"375" 0.0757443822361237 -0.100761347639502 0.0659459959906374 0.124996431520411
"376" 0.0710876370192668 0.111467949282784 0.0925728882001664 0.0333250907794082
"377" 0.0706197758655777 0.184139028582395 0.108524323799056 0.0690926402245933
"378" 0.0759012450214677 0.233387869511801 0.213803218825989 0.116647423866523
"379" 0.0679900987627237 0.255348633230109 0.102563855297498 0.113473801365771
"380" 0.0765072412896053 0.0895846088711186 0.155550590672807 0.178460043143772
"381" 0.0714328135803843 -0.172227548449854 -0.116179412736636 -0.1026253535694
"382" 0.0926513381378052 0.305301747050188 0.193325016946825 0.176725241979808
"383" 0.0662331260954663 -0.00955117006893103 -0.0335643115582481 -0.0428256975350304
"384" 0.0801519511203904 -0.268321820353677 -0.0728371889450956 -0.0827434538610736
"385" 0.0756267889252418 -0.0228599164972863 0.0532763760588103 0.106904842354929
"386" 0.0597918259448525 0.0607395150069849 0.00703595527059957 0.0457644677030942
"387" 0.0698499461921035 0.11582628669126 0.0398676422747834 0.0528510504488711
"388" 0.0819223376789498 0.0544080833131886 -0.0176265975012966 0.0708542203210495
"389" 0.0666857826662096 -0.0308587540327686 0.0357709997189844 0.11613701668986
"390" 0.0919377989026389 0.254619290335092 0.217513521533648 0.236711963863206
"391" 0.081801987168272 -0.102042161107588 -0.0363888033380453 -0.0450706358418768
"392" 0.0693303015971439 0.0692503226449466 0.0828112686844515 0.100129736106484
"393" 0.0571892286470548 0.282626729872907 0.134507120043318 0.160673855388925
"394" 0.0690584503105019 0.114240124927643 0.0612493385500841 0.0427752804636582
"395" 0.0697504472811041 0.070793641800412 0.167765597748614 0.127420975834154
"396" 0.0916115578662145 -0.0276367527093218 0.0899643385641799 0.122364964111188
"397" 0.0688932119362771 0.249502898343004 0.187131794537216 0.228116826823819
"398" 0.0606369699371086 0.167093360641506 0.103865422911509 0.156110835892877
"399" 0.0749848670884904 0.0765899070707884 0.0309198275689964 0.0684467549353662
"400" 0.0763694941346746 0.018011181807184 0.0198594405606538 -0.135303671090844
"401" 0.0752609926944224 0.11896468755313 0.195684508838939 -0.0921292618083875
"402" 0.0808892141734515 0.0370301714214677 0.126381106949182 0.0967860616726998
"403" 0.0902782107640361 0.195535159092552 0.12014220392764 0.0957466800819658
"404" 0.079374830184114 0.137151938769818 0.0601360001140436 0.0316697174598212
"405" 0.0913587681253483 0.0888194919182015 0.0419531270076564 -0.0197823994602536
"406" 0.0745625458733909 -0.0259608785299876 0.0496116171872792 0.0403865017944184
"407" 0.0737895650988142 0.191459799680624 0.11058185895399 0.128438804810076
"408" 0.0683442899637049 0.0462319651225984 0.0123434926585567 0.0662356544096555
"409" 0.0711839110268645 -0.0156555052219881 -0.00959659264921737 -0.0152201502038775
"410" 0.0954823074935835 0.141422444834637 0.255658658613094 0.269484748506765
"411" 0.0746023161471194 -0.160091162878461 -0.0416735771281088 -0.0626107769193184
"412" 0.0805154252780942 0.056645566128471 0.153839419545103 0.24032784495287
"413" 0.0744597402259694 0.183769067889991 0.168980880064739 0.186847807273158
"414" 0.0735061744773512 0.00336029976203565 0.0672856917080054 0.0848413955990038
"415" 0.0778144128122608 0.142889072273473 0.122083551798745 0.16349818699601
"416" 0.0809402065659326 0.0904243260651186 0.082866871201854 0.143025165760442
"417" 0.070938678343403 0.0310196159402803 0.0350913875817698 0.13344930373171
"418" 0.0680085874917245 -0.131101500167894 -0.025467048735004 0.020835724693699
"419" 0.0882068436018987 0.246757908890975 0.160049357392839 0.148989182100707
"420" 0.078279869085302 0.146380173632703 0.0287271374393856 0.0813052628186821
"421" 0.0685159140524174 0.246039389485848 0.155427653341128 0.106282353569066
"422" 0.087840239545271 0.0259934519887429 0.0256434555645558 0.0621904687360963
"423" 0.0908634765880172 -0.0172802873857415 -0.0181750671629529 -0.113842284892781
"424" 0.0806147708870752 0.0532560573310448 0.049635107079584 0.0393349433646365
"425" 0.0869748581491715 0.062119381816899 0.0620598370513682 0.0505620993043907
"426" 0.0865158842895793 0.231548818297598 0.0504195247725421 0.0607253695309104
"427" 0.0608247136853686 0.210395151285335 0.0853230978541426 0.0464337201008389
"428" 0.0829239174008543 0.0115555771519877 0.0521696379289872 0.0751300416813561
"429" 0.082323128661722 0.246026301886431 0.00327350535109054 -0.0336855846729744
"430" 0.0793830753624644 -0.151793705018324 -0.000772750112363887 0.0544192690665026
"431" 0.0726963666823402 0.0734953980633837 0.0436542947884822 0.000271680738691079
"432" 0.0686602785751894 -0.0941160559931206 0.00055210305876055 0.0425164245796851
"433" 0.0916282576295209 0.00431565075785622 0.030106295373047 0.070713819074337
"434" 0.0805890763724328 -0.12076352512422 -0.0263033636241757 0.0134150763307535
"435" 0.0889418113954139 -0.130322875429819 0.0753913374071647 0.127513460173211
"436" 0.0936259064019777 0.0783414418807995 0.0922926672797196 0.126206337066482
"437" 0.0690874873693767 -0.155263790653086 -0.00882326415299804 0.0674375043041338
"438" 0.0909969198832363 0.134103177889695 0.0606515468422112 0.0624758539410817
"439" 0.080739606492418 -0.0495982974456864 -0.0251614941862149 0.0734100714684072
"440" 0.0833145524045807 0.137869422524797 0.219858464338244 0.266382714497271
"441" 0.0845415565560363 0.0238885169675989 0.0746325534519261 0.113484305324964
"442" 0.0865972016279193 0.274759019977235 0.245573786621375 0.303379926956146
"443" 0.089758742690691 0.0843900366406389 0.0106209303735715 -0.0455004532746196
"444" 0.0778093530831104 0.0609158206387958 0.087606578270891 0.129322287662421
"445" 0.074471815084489 -0.0402806370483134 0.0955088229666508 0.153197997223968
"446" 0.0807905754081968 -0.0161827272583365 0.0816067726170143 0.132137674570208
"447" 0.0625674849446485 0.181542493109713 0.109130834548339 0.125981391698624
"448" 0.0803247180695734 0.154834625500659 0.159736933106755 0.145676601701974
"449" 0.0829682980942246 -0.101203530869306 0.0320822564710781 0.0382043154355217
"450" 0.0790184004884848 0.295568174394501 0.176642095492401 0.156317793758418
"451" 0.0789493150090995 -0.0509284606530992 -0.0791191525789961 -0.0537259945573077
"452" 0.0719486987793208 -0.0441410808737698 0.0144594723607623 0.0205895873031922
"453" 0.0708657261567435 0.242217436891684 0.198601095670955 0.183684903594265
"454" 0.0701531702760765 0.0180116143503891 -0.00772391489961701 0.00343563517606824
"455" 0.0839156307992097 0.255990919297192 0.17639839459111 0.147068282859939
"456" 0.0717681261857092 0.0345222651642182 -0.0551859582381429 0.0224913160765989
"457" 0.0840623980350841 0.0197891578482267 0.100466398990546 0.138393495506544
"458" 0.0988803655487952 0.282525872091104 0.25686884829878 0.203458364523515
"459" 0.0714324641974516 -0.0532405710685067 0.0128170544010722 0.053662679696352
"460" 0.0880237392225766 0.423478861498216 0.343036814628133 0.313667366602872
"461" 0.0788639981108037 0.0808669594443623 -0.0262987042196243 0.10192432184844
"462" 0.0629989393398488 0.236557728230097 0.105482155532681 0.103280975261628
"463" 0.0675253492928378 0.00909794725987514 0.0705532189354744 0.0487104394838567
"464" 0.0812519468491944 -0.065121563711512 0.00351086253206444 0.0540550753224723
"465" 0.0667485627891025 -0.0826352705134753 -0.0522348390898168 0.0635329983221861
"466" 0.0918138328636009 0.216108284839318 0.173713567298159 0.198680499502437
"467" 0.0680761353744316 0.185724683972621 0.120162225506872 0.131202142362268
"468" 0.0890357575841895 0.244051737423287 0.0726360740024761 0.0220953297067156
"469" 0.0834685138989188 -0.138835627574443 -0.178397439819658 -0.143725891804999
"470" 0.0728585489694464 -0.0127367214312981 0.0216835771899633 0.0410412996052135
"471" 0.087981643435577 0.0681824318441813 0.195626386743657 0.132320680148604
"472" 0.0780885165287275 -0.130661850571877 -0.066704191553993 0.00261015860604543
"473" 0.0799520643869334 0.115413491787541 0.12952679299497 0.128488317419025
"474" 0.0692162904051173 -0.0344659853636385 -0.0691386762366765 -0.0296659201119403
"475" 0.0617348499475562 0.084308278023654 0.0967646232122308 0.098538177288735
"476" 0.0734869741503049 -0.0402185680064167 0.0931525652915422 0.0722490022260039
"477" 0.0661628126693929 -0.0638115683924571 0.00510654614266032 -0.021963829347985
"478" 0.077156874430473 -0.0863543369532486 0.0749462269509245 0.128959797138019
"479" 0.0863202403771787 0.071620171137415 0.0802809299397301 0.132480148044337
"480" 0.0690734819569932 -0.0935017846664575 -0.0815418249300328 -0.0311263788768356
"481" 0.0746043370360936 0.268934211365777 0.165753334353197 0.0198997190924733
"482" 0.0681986255511692 0.263007651072272 0.263999527706202 0.321083485768217
"483" 0.0548389944536342 -0.145126228067635 -0.0554997270342598 0.02230356437199
"484" 0.0840234749078262 -0.0602240487040315 -0.0224580568472132 0.00186118712496232
"485" 0.090500034101503 0.176761961080907 0.125888395171141 0.132072969557458
"486" 0.0863902823579985 0.096334872362409 0.142542707029411 0.171462708023931
"487" 0.073076340870502 -0.113171096519188 -0.160415152505998 -0.168940514239378
"488" 0.0831685144904985 0.253276769563307 0.101771171603835 -0.0148299624003476
"489" 0.077437363952828 0.211270908268445 0.0866406173695518 0.0242907259916878
"490" 0.067348915292795 0.262693979161981 -0.00925124334492657 -0.0530591082399499
"491" 0.0658401113652403 0.372618011556309 0.130616059002602 0.0512905848600549
"492" 0.0909288304583176 0.15458688015068 0.181920964458806 0.14843833425475
"493" 0.0881624218870736 0.0576703843572096 0.101805187086077 0.185600441794597
"494" 0.0768639724355741 -0.00787914543302452 -0.092622140040389 -0.0366196056277554
"495" 0.0731384651608581 0.420067277503571 0.258444554778792 0.288850656066729
"496" 0.0723075357219596 0.285607794186775 0.175857705890102 0.31243923991236
"497" 0.0771243594382115 0.147173098277096 0.120000896355339 0.0934599858977269
"498" 0.0957741912315425 -0.143848517816734 -0.0266434791246838 0.0616385848182501
"499" 0.0709484453278193 0.00544389470374097 0.00481674168023769 0.00231972927760879
"500" 0.0723375358203211 0.153263767851467 0.0326819900802826 0.0214099473545182
