"r0" "rhat_sup_w" "rhat_ssl_w" "rhat_ns_w"
"1" 0.0664003388073833 0.538782163936698 0.482190894407335 0.338846311309887
"2" 0.0921587373156881 0.223126584083788 0.193144277393767 0.276794931268158
"3" 0.0876154192752472 -0.4454400587196 -0.051371237814714 0.0538952217016909
"4" 0.0602618204313022 0.396607084649108 0.00347042013506614 -0.114081117584345
"5" 0.0746016174581066 -0.198050819011158 -0.0603157976069126 -0.0255154570522564
"6" 0.0828806606207342 0.149334105728466 0.185705556524293 0.203361564384785
"7" 0.0891294531142871 -0.17707027290147 0.00112817328779362 0.0487506475616443
"8" 0.070447155166937 -0.290469500345744 -0.222092086001153 -0.0244939312932528
"9" 0.077409907678421 0.361766794882621 0.0970675628282375 0.190919332159604
"10" 0.0770411822862765 0.314881462333968 0.287397684301535 0.413095869660239
"11" 0.087039659415543 -0.0392534472884807 -0.0773932292084273 -0.058687547026784
"12" 0.0653283062641321 0.508042263124462 0.364816203843519 0.489019858245582
"13" 0.0790320870257926 -0.0929701908331828 0.190804629583348 0.321301562191681
"14" 0.0860146130947557 0.581600213589401 0.288931387147183 0.155177555383791
"15" 0.080625277315909 0.43563364901802 0.236073368486535 0.246923526725832
"16" 0.0589686061636113 -0.0223175664172466 0.21953644607646 0.410774585806891
"17" 0.0679911612230969 0.451635726605403 0.184462333296248 0.211199884979124
"18" 0.0795899624290359 -0.105447365006924 0.0118699978800416 0.103391283246948
"19" 0.0810575552932728 -0.181541679128624 -0.00442269528419106 0.031265964915992
"20" 0.0689086599769433 0.120304008516712 0.0847599467715677 -0.0473842595626382
"21" 0.0673642623468698 0.337954369301519 -0.0119812813793904 0.0407581708933996
"22" 0.0787895125061446 0.230957024343884 0.0589319368633436 -0.039929772830273
"23" 0.0799179579021621 0.277333609102143 0.174089869851688 0.0517990125350247
"24" 0.0767880068311413 0.117842051794903 0.111045284498069 0.095467131586477
"25" 0.087636346387814 -0.529123799431156 -0.109205752704911 0.0679518373045891
"26" 0.0773270330567214 0.483464428788158 0.288037431796699 0.271506178951508
"27" 0.073740554460617 -0.490694831151978 -0.0735900332862463 0.047248599064947
"28" 0.0829566752706563 0.212241845377703 0.093754351534237 0.177388598271657
"29" 0.080497078283102 0.142509193261425 -0.09190268184953 -0.162571185887885
"30" 0.0986813914721689 0.305253445730443 0.28596302661711 -0.00645647658650185
"31" 0.089292214084137 0.747174589631693 0.155502872048119 0.170942144659908
"32" 0.0942027625145697 -0.305007068255941 0.0117229328663772 0.0953149018831538
"33" 0.0901632435421709 -0.00639094810236896 0.0836737397465241 0.208451217741698
"34" 0.0800464453203366 -0.25076623883769 -0.209382307482614 -0.148715224788668
"35" 0.076917703382449 -0.1180559154117 -0.0443692671173091 0.0641159711039379
"36" 0.0803597836455749 -0.448348801691365 -0.301523587795082 -0.187919635731166
"37" 0.0890395178612731 0.268311036607887 0.284519826255865 0.552281040290883
"38" 0.0723621395235959 -0.392105988015071 -0.307028173945482 -0.197728351803304
"39" 0.0830718646887164 0.0313084616965645 0.107659525227834 0.0611278261276161
"40" 0.0818781062365905 0.0919645492300414 0.113256319671143 0.116524356803305
"41" 0.0824943074648859 -0.392831477830444 -0.190257258318507 -0.245244795611896
"42" 0.0829864618435575 -0.342997987137956 -0.101528048407335 -0.114821998205369
"43" 0.0867729958907385 0.017169004757403 0.0275583410112329 -0.0465470336329286
"44" 0.0672074425087681 -0.102022007822583 -0.077445397291844 -0.133987216245379
"45" 0.0773863585766738 0.176734558427551 -0.0533781606259954 -0.0623035600479529
"46" 0.0788007024784136 -0.00666415946844835 0.0724545099591739 0.18768930195066
"47" 0.0688647041212226 0.043648384062151 -0.102677786240631 -0.00830689229207609
"48" 0.0736646618994784 -0.18438180995174 0.119457858049026 0.362095848013182
"49" 0.0663559296558612 -0.02227479266848 -0.0415662936087956 0.172097235318384
"50" 0.0890633091708027 0.161679708113318 -0.0737413237005216 -0.167230859496059
"51" 0.0761322715725605 0.0836631664065797 0.250334944962383 0.213593797743922
"52" 0.0841790683030303 0.342704891899991 0.179520956648318 0.202999677549812
"53" 0.073405243258072 -0.129538086913633 -0.0955039772774067 -0.15592410337559
"54" 0.0581755130383942 -0.06449244619711 0.0238688876552904 0.236717011726278
"55" 0.0636803963934689 0.552810881265273 0.369922117086046 0.371716461564294
"56" 0.0653543088831586 -0.0343653071419253 -0.0152252021945783 0.0978807252232901
"57" 0.0834047456710478 -0.117922932739768 0.105692955723974 0.0947055856455314
"58" 0.0790990507588777 -0.0216484189162192 0.186255468218488 0.252797207562307
"59" 0.0708740523110499 0.802919440235046 0.515706867723213 0.403478738937546
"60" 0.0722889731840345 -0.0304423557923121 0.00987793376575868 0.130557359795886
"61" 0.0715981315166556 0.353407417001391 0.199071017730177 0.167439169152632
"62" 0.0636704842443625 -0.166925117680104 0.116943868323209 0.159809848062071
"63" 0.0750174494061905 -0.206225845110867 -0.401570490956996 -0.604157561487972
"64" 0.0783372255613761 -0.211661856476009 -0.222470927918639 -0.249568256160259
"65" 0.0611823345126673 -0.472440403056134 -0.256438825448331 -0.0811589326718508
"66" 0.0850872388197885 -0.0162395144099115 0.0468526560268451 0.0999387441204518
"67" 0.0905281694463207 0.582124678380805 0.139667301216648 0.0992154083841999
"68" 0.0750268173696258 -0.763214312693226 -0.444961548734468 -0.661299962462083
"69" 0.0681226756239634 0.333742908773734 0.293078072018018 0.222188774415079
"70" 0.0720421090073946 0.0526563057367408 0.164759318911671 0.226333175680203
"71" 0.0931904540813034 -0.192957190760798 -0.166955674267654 -0.199978995777431
"72" 0.0802481182239833 -0.228869207971896 -0.231532151352366 -0.211827862659541
"73" 0.0794475734554581 -0.175033359339207 -0.0413970770227734 -0.130731833190761
"74" 0.0799683220218069 0.576670060107894 0.077084902961202 -0.118340311171282
"75" 0.0762497489331402 0.25682844948793 0.240528115859655 0.319845421479455
"76" 0.0847574718779453 -0.074762564264793 0.372786118113486 0.349497194564895
"77" 0.0706154310229263 0.116220406213071 0.206293663592341 0.147235774377484
"78" 0.0804468706988651 0.207609109525808 -0.0616798214822549 -0.309828457198476
"79" 0.0871517780177628 -0.28034463681278 0.0199458266817801 0.0401814300860207
"80" 0.0831781639033708 -0.430538113222212 -0.0900486040655029 -0.16605617537994
"81" 0.0758417244153089 0.334278367646601 0.0681648275359196 0.308770200779383
"82" 0.0792855067292822 0.259490899666978 0.0895316929112491 -0.0030852206918628
"83" 0.0730144206894466 -0.0455534077296906 0.00934221828611387 0.131633984094727
"84" 0.0685324756971012 -0.0784645804141984 0.0935127410243412 0.220986007346821
"85" 0.0799066582929721 -0.535315737590038 -0.238785422536491 -0.251240786342673
"86" 0.0695027658401158 -0.0762669631900856 -0.0032383040985372 0.179149877206454
"87" 0.0933490788188884 0.279785674635615 0.165386226228074 0.214277554284141
"88" 0.0868935438995547 1.03172110360858 0.257551130413942 0.222869112331953
"89" 0.0738096184102022 0.0227660673532918 0.0559971613011304 0.162810787472478
"90" 0.0819756384667759 -0.059674994861771 -0.0721934818749601 -0.00891555917871677
"91" 0.069113319080391 -0.0601127732456789 -0.0344592919422776 -0.371897521396962
"92" 0.0841878017625959 -0.141154940801652 -0.125060239163784 -0.0151716901893033
"93" 0.0777760345501979 -0.125999893760403 -0.00336917187271882 0.0204346305599826
"94" 0.0676795988087065 -0.534842368259713 -0.0623999871481305 0.034675100337505
"95" 0.0614930803694341 0.141872997716145 0.0600287963258699 0.371939906226963
"96" 0.0938271647219524 -0.0714115136072083 -0.132292116597483 -0.203370836559703
"97" 0.0870401659090411 0.430713366754606 0.314006070586645 0.088235422639956
"98" 0.0806345921325323 0.344408424337705 0.138630698397735 0.118355794833787
"99" 0.0671066479068526 -0.290459797053286 -0.300513823474425 -0.599564956835158
"100" 0.0777664626407457 0.491222590791383 0.171284870899216 0.362648012084436
"101" 0.0640541943398293 -0.00301669970550081 0.127256158921504 0.181831638407541
"102" 0.0658949386996526 0.0962564549419845 -0.0977021873408209 -0.265164440439698
"103" 0.0660915269386792 0.108648187981217 -0.0411184709498243 -0.125302502906973
"104" 0.0810766729871963 -0.0895600610754077 -0.0382579354246039 0.182259868156181
"105" 0.0777234793204186 0.14703734339934 0.113608147887051 0.243739710314515
"106" 0.0774321948506791 0.395522940717947 0.123487558179325 0.0280806762000316
"107" 0.0818432026570531 0.200596814464953 0.295787675793146 0.20495036172679
"108" 0.0899048401650951 0.541675213121896 0.238835009428608 -0.139967440960076
"109" 0.0734817211777416 0.253792431515026 0.0846716538280941 -0.164109102355109
"110" 0.0600030440472162 0.186204666961893 0.338327824825378 0.191357409973314
"111" 0.0719862082218024 0.10572601694972 0.199043186504547 0.124485839088565
"112" 0.0890090681094398 -0.0927054165583989 0.085600230303846 0.0105353774513347
"113" 0.0688352102401031 -0.0137224928045209 -0.0743731397030398 -0.0556511099880323
"114" 0.0820186800087864 -0.094443013293686 -0.0432014135657641 -0.183875059268091
"115" 0.0749939682826273 0.13714418312833 0.22198424639256 -0.0836734766425959
"116" 0.0829510601253544 -0.457685610081485 0.00933241248348768 0.198389245486081
"117" 0.0937719879542376 0.418742467814797 0.456974459839652 0.405000203084712
"118" 0.0659110854872213 -0.71384980182114 -0.337263549332364 -0.227401244741452
"119" 0.067969335054742 0.782057470549305 0.396218215087048 0.201341427283498
"120" 0.089282334425443 0.283480981289842 0.243296177878615 0.317213253504434
"121" 0.0676254172505218 0.118676676490266 0.0967450547631595 -0.0690055404114579
"122" 0.0678596366053732 -0.182563201944686 -0.0287254153220783 -0.0629162249968785
"123" 0.0896276936724458 0.372837552473127 0.0507365041272773 -0.0825537735901803
"124" 0.0870201419286807 -0.394355798220943 0.0367418938853246 0.187217099433007
"125" 0.0891010098526295 0.281580049189539 0.0727390183104618 0.143779230959926
"126" 0.0834418446606176 0.121318813368527 0.217840369828989 0.334730076995667
"127" 0.0886896429043037 -0.0328179982649661 0.126136383054144 0.236018443315244
"128" 0.0832239833537491 0.0010600015152287 -0.144063823760728 -0.178374765025975
"129" 0.083405495870994 -0.0612686635955622 -0.00590037922268237 -0.202833438749303
"130" 0.0799152173318038 0.213291773030467 -0.145351953624888 -0.320300812860152
"131" 0.0839106694295856 0.196711624067648 -0.0176694944079606 0.159632483594088
"132" 0.070033495870553 -0.210877228833503 -0.00203213462643406 -0.157061825288125
"133" 0.0646315424427686 0.18816729295739 -0.0736379659466485 0.149411431004475
"134" 0.0789062029654688 0.445332833402213 0.376324842782561 0.443675796695387
"135" 0.0757267993393398 0.0929105601703403 0.0289086309198048 0.156434334433049
"136" 0.0640706724005856 -0.180747702438584 -0.0250769295355039 -0.0161889702188622
"137" 0.0933884560823225 0.101672748067734 0.0826086720173723 0.0381708992923601
"138" 0.0839094271155394 0.0389241924850888 -0.0281185629509162 -0.0269855404698358
"139" 0.0747763179720143 0.153304362316157 0.108183945496103 0.0429251276963488
"140" 0.0768334573961625 0.143192549480193 0.25374720544012 0.328514122633686
"141" 0.0761433397083155 0.610369338116685 0.256318266040225 -0.00112720188503116
"142" 0.0806307355643204 0.105351741993044 0.200433864407067 0.308455089807401
"143" 0.0852745585299193 0.40608370302623 -0.0243532755530659 -0.0212624527030415
"144" 0.0806450549560995 0.197314957314998 -0.0369417879198026 -0.165734295712341
"145" 0.0753541589738761 0.257112218571021 0.140495288336467 0.338531091749463
"146" 0.0609078891042779 0.277189019009017 0.113878549710788 0.0294760762676949
"147" 0.080546611269141 0.332780877896359 0.388123721493016 0.0867391761199049
"148" 0.0788232951738321 -0.224168540685091 -0.234282700642335 -0.259574474230197
"149" 0.0943768585522843 -0.389926092059675 -0.0911971166029275 0.121819804141007
"150" 0.0726131001657033 -0.10926874637868 -0.113418607551868 0.177030761735985
"151" 0.0856130699310652 0.348144169118606 0.0247836127007796 0.118615076436502
"152" 0.0649897620008575 -0.376545807250806 -0.103447858598289 0.114506531879446
"153" 0.0750107893072631 -0.0248185997764186 -0.00388093688431395 0.0668038826567605
"154" 0.0722980631568543 0.479071453754789 0.0370433969931858 0.077337323671241
"155" 0.0654290027645125 0.41785651751801 0.175857627193511 0.180565418538125
"156" 0.0762229410052428 0.472089946736698 0.377109048879241 0.0947828069606546
"157" 0.0763236680879477 0.0283543742442532 0.0784235133722892 0.25227723330943
"158" 0.0768280201264802 0.287615585266001 0.299658549318184 0.371467866120452
"159" 0.0826628192679438 0.319245125284003 0.206997472254615 0.323222404398426
"160" 0.0798448989202806 0.479718794042207 0.211294799150871 0.123444183135669
"161" 0.0558826907978117 0.0749043186987554 -0.00773932337655434 0.038064014342501
"162" 0.092268085753521 -0.0131314632682901 0.0524501957517267 0.0115548602396837
"163" 0.0872859029761468 0.0785673048432692 0.0327798524948546 0.0594896330743583
"164" 0.0779636549432772 0.220987603556886 0.294143345909106 0.529981318364007
"165" 0.0910312037970358 0.103077765803986 0.147002099757856 0.0946033618519295
"166" 0.0814451615467835 0.622889061467228 0.439548239368517 0.226345389570585
"167" 0.0838905236721042 -0.0493628423789023 0.0282065227407286 0.0251479947561704
"168" 0.0751359430580226 0.149918714652727 0.0428556600595629 -0.100616009862053
"169" 0.0740368707114971 -0.421357464452961 -0.237624484482528 -0.212353986063775
"170" 0.0771107327432282 0.0782201948697901 0.0480423058116983 0.248290000333676
"171" 0.0796058572009146 -0.376895533382281 -0.164702451822811 -0.0633934333075984
"172" 0.0787183251807325 0.180468849030048 0.0921518063372383 0.267018973307325
"173" 0.073447292469706 -0.690790435422097 -0.196212529904921 0.174395917124404
"174" 0.068392904540651 0.208501517727676 0.110400736837849 0.173464953054502
"175" 0.0839916384676964 -0.0838537197572701 -0.012090207835434 0.0719501184957431
"176" 0.071712463759668 0.29727555716911 0.0904423473381691 0.216949476339394
"177" 0.0734537861102698 0.097057140977683 0.120684562468057 0.103465885568572
"178" 0.0659354702619615 -0.148658840917216 0.353189583009483 0.447337135088044
"179" 0.0683559409004541 -0.0602361984023213 -0.112351653667661 -0.0325539635482028
"180" 0.0835856250323077 0.296356312963386 0.197219979258355 0.196268494618087
"181" 0.0848882079302315 -0.113940551036376 0.539117137616113 0.454446660659083
"182" 0.0779387703977983 -0.512773231814235 -0.639034411435364 0.00508997571768943
"183" 0.0810095113268091 0.501851305448969 0.572133980786301 0.759671987250595
"184" 0.0826286145405569 -0.16681643241784 -0.178031215120468 -0.0493818725383345
"185" 0.07396361750666 -0.290389634239007 -0.153058763996527 -0.204905498278095
"186" 0.0846814944254149 0.276541190198001 0.298179330708132 0.447272310601151
"187" 0.0678605540313867 0.512621159482542 0.346431100713883 0.115644618030467
"188" 0.0706225194806022 0.0577387943878158 0.14367261083173 0.146813936411251
"189" 0.0813009891536025 0.339423464012178 0.486591738126359 0.541389098344438
"190" 0.0753227704366189 0.0429300967658836 0.122893807131307 0.318922240863923
"191" 0.0873973073071739 0.422898471679258 0.260439846955285 0.292554211904549
"192" 0.0591481957757425 0.172564617348083 0.196041853868231 0.344461480052686
"193" 0.0783154143110932 -0.320997481121195 0.0445271052608542 0.251358147479931
"194" 0.0703018878650873 0.449007746620518 0.309592195683682 0.246437085140568
"195" 0.0666022781579339 -0.514136735926432 -0.115153275512795 0.0503386159814493
"196" 0.0806015647136846 -0.0846889807363968 0.0326121021257882 0.0452305833667735
"197" 0.0698279030202763 -0.122290721837643 -0.0369165559651098 0.113617379143795
"198" 0.0873534215984692 0.327243135101132 0.338376524887302 0.226847482546672
"199" 0.0894836058748634 -0.264049269561608 -0.114403344337351 0.0014503466520572
"200" 0.0702959287629593 -0.112984515837286 -0.139375937904971 -0.13690479085623
"201" 0.0671141287093671 0.582111912224835 0.404080224420735 0.259383384611833
"202" 0.0839158790014908 0.201746936061435 -0.00428561714612123 0.0194328921213596
"203" 0.0827723491637531 -0.129944387526979 0.0683784960907898 -0.0888416574630454
"204" 0.0767002451296812 0.0525778220959404 0.1835603483864 0.12736966546457
"205" 0.0699149695013614 -0.0171335000609214 0.128912438474112 0.340318312437723
"206" 0.0850760140823791 -0.337054826053355 0.092568493031043 -0.00824972013137452
"207" 0.101331090785513 -0.0141930724619453 0.16543215000259 0.446684920382716
"208" 0.0716238826783932 0.263674561627009 0.22474845982318 0.124577635774766
"209" 0.0868669251227627 -0.152824654703061 -0.00975961630424107 0.308570777790397
"210" 0.0847149852797776 0.0726992473015932 -0.00669925848909042 0.02200975942392
"211" 0.0692086375690456 0.376299760313429 0.103905206199046 0.144675788476857
"212" 0.0778333387114081 0.0130910384614391 -0.0631599431972178 -0.265448943622655
"213" 0.0767740799155235 0.431661934483105 0.201674466263537 0.180324483772377
"214" 0.0680669824268942 0.189150550039128 0.113499456629556 0.0639943841131473
"215" 0.0828669927939096 0.169050832525473 -0.187322001219665 -0.36673428010065
"216" 0.0785510752613135 -0.258191176961756 -0.000436785236741744 -0.0180807637771281
"217" 0.0938796340176822 -0.0315296173536926 0.209618177702983 0.184209812383924
"218" 0.0780292233695902 0.0566691033602342 0.2606633108854 0.232200078877023
"219" 0.070375852286582 0.0378610002805174 0.111050448847171 0.303721623380549
"220" 0.0723204886119104 0.337996234400663 0.110488689537533 0.0785708345209126
"221" 0.0706466893493362 0.451166333327692 0.117835388254616 0.16920431928519
"222" 0.0738139894838019 -0.0850181562343074 0.187314713249259 0.546541843304719
"223" 0.055657216954531 -0.173001251378594 -0.131425869103687 -0.30494381291696
"224" 0.0821146166427308 -0.123042771759838 -0.0394693777795724 -0.15257291880043
"225" 0.0638704688341197 0.142030189878518 0.0269892001924985 0.0375587766005286
"226" 0.0834933872210624 0.0536310337803869 -0.0181342014645336 0.116566061968423
"227" 0.0756812801282706 0.116768539349244 -0.151180539394325 -0.118770568994096
"228" 0.0874284386114938 0.401232789123567 0.0426803448581771 -0.0409827007138126
"229" 0.072227121408374 -0.205929054397459 -0.140087492796908 0.104143016944969
"230" 0.0805660121739301 -0.0242052790778684 -0.252376549312689 -0.386418654418291
"231" 0.0858237715936512 0.116760600827717 -0.0539332516825994 0.215901308170773
"232" 0.0730920529734222 -0.0410282622818996 0.083239251660782 0.0714345679125018
"233" 0.0800062123300723 0.320410877901215 0.449216370582681 0.554778811681617
"234" 0.0691272727860692 -0.0553407373143393 0.264785747228545 0.408381093513467
"235" 0.0855666031821661 -0.35550384110877 -0.280956657545235 -0.305745762094155
"236" 0.0797599174256473 0.426987130371421 0.236203158547068 0.453174640539025
"237" 0.0800439975675292 0.135915903280933 0.107326739126999 0.242672753370966
"238" 0.087802657756018 0.148933404039472 -0.141660325644113 -0.308251905226317
"239" 0.0874498705720807 0.292766329732785 0.117601176462017 0.170981030867398
"240" 0.0907260902402015 -0.109895217811094 0.266557373729265 0.19701340330421
"241" 0.0803322438816498 0.118252891590428 0.242738752599167 0.114078196960431
"242" 0.0717349479826892 -0.488125744585958 -0.325149736829438 -0.402967079591706
"243" 0.0696776077034377 0.237631003831916 0.288163981694103 0.131624469939979
"244" 0.0791519426248515 -0.23952508842569 -0.0156740271537491 0.0694756932550972
"245" 0.0699511090254068 0.185730208380343 0.0239898058409574 -0.142061899307217
"246" 0.0756497888406474 -0.0540273470613553 0.0694748817995191 0.0591493990227674
"247" 0.068174063071809 -0.231813460877974 0.138283851686202 0.238880587836483
"248" 0.0786969008918803 0.292869246824911 0.0917336757868205 -0.189027849366965
"249" 0.0842684864169395 -0.344899037045089 -0.166085719223615 -0.263018724859824
"250" 0.0579125663430836 0.255238185137006 0.0209393347956256 0.0389932394961768
"251" 0.0941661066395669 0.572117953960508 0.118045340144823 -0.000292650508077952
"252" 0.0816898155277618 0.0269209912577568 0.0687006513737047 0.186212683423461
"253" 0.0919536366903627 0.416594647170491 0.0977089815236111 0.165299530181585
"254" 0.0703811905117733 0.234425720788344 0.03171953571173 -0.0152763304826562
"255" 0.0814804042480413 0.236040457189022 0.155457183410597 0.3977295705718
"256" 0.0737995124444767 0.318204582644781 -0.112096610247205 -0.268082526853129
"257" 0.0768924997768932 0.0577329369816767 -0.207836157814471 -0.250990489368817
"258" 0.097368030642961 0.249265488834832 0.231333666796106 0.17731332024785
"259" 0.0764877899227724 -0.111014838628147 0.113216192310988 0.0992895545041529
"260" 0.0874303675114806 -0.288159581130642 -0.0399050221107487 0.0621902027303471
"261" 0.0746496739650105 0.0240656725590783 0.0241375587824618 -0.243467676535037
"262" 0.0705917673392832 0.00520915000241459 -0.0471249694601085 -0.0164880548499663
"263" 0.0717216563876278 0.339817924905215 -0.0439315977620124 -0.292920566439264
"264" 0.0774297176506623 -0.0221220016607701 0.0954437403768516 0.247838441648783
"265" 0.0744143538607611 0.162237977713405 0.369152442995668 0.230559427535744
"266" 0.0628103413033173 0.248780011515135 0.316331382339179 0.28823870214369
"267" 0.0773152473320792 0.272494014085985 0.105761536916793 0.0937697315215203
"268" 0.0666689466027352 0.317072327063926 0.058215123036293 -0.136807704481228
"269" 0.0975969193420935 0.135252530858723 0.301533516964078 0.450620418966022
"270" 0.0745617850289588 0.113326198500581 -0.0373573655038662 0.00972688880774501
"271" 0.071987145838882 0.270990362895438 0.308230423207951 0.351340578234046
"272" 0.0951486251594919 0.0800320631108468 0.0591185890284538 -0.0339898371151696
"273" 0.0782616392787157 0.272728344404207 0.344236183201576 0.368571715874099
"274" 0.0717829998982304 -0.0560995735915329 0.214049580031692 0.325218302328021
"275" 0.0853023214146057 0.379430840354702 0.258343871753444 0.153307272259241
"276" 0.0837645797877111 0.00377104366095919 -0.0318213687112846 -0.161880185520278
"277" 0.0657255836323377 0.285875470374455 0.111576956788843 0.233248736005266
"278" 0.0740983961257294 0.0667744771801289 0.103036520666706 0.0141578709428517
"279" 0.0687206014765982 0.0128112488544735 -0.0340331143838609 0.0190674274887046
"280" 0.0883534623863474 0.820300585404927 0.540207074860537 -0.260424637709403
"281" 0.0769045625380485 -0.0720347189641698 -0.0645091716747535 -0.164306745455837
"282" 0.0775633254541409 1.20035102158475 0.532117384879592 0.143827255334997
"283" 0.0687791170983791 0.0533402221908147 0.203347185342243 0.21047768954039
"284" 0.0796735989742926 0.455557057321662 0.422484135680466 0.429566776432206
"285" 0.0756442842797268 0.290552969445211 0.0297348246142536 -0.0504312285327252
"286" 0.063848851020239 -0.00766344732203085 -0.0486192268575577 -0.0461284308735438
"287" 0.0857525978415148 -0.381468570956537 -0.199026991917411 -0.0661867807805575
"288" 0.0989608637443184 -0.508011532233235 -0.190929221265903 0.0498469576103434
"289" 0.0793096420104812 -0.0632619034691841 -0.0414061587485345 -0.0604918259784589
"290" 0.0793971297572363 -0.1874634644983 -0.280170592585075 -0.186722390545429
"291" 0.0831705497533015 -0.117089324367196 -0.12871949683035 -0.100496475527969
"292" 0.0790853655980339 -0.076420526293935 -0.0504548291592187 -0.138802012892105
"293" 0.0722637785120172 0.0850754082020265 0.00263188542957575 -0.0753915017395992
"294" 0.0623911681767501 0.0281151711241966 -0.126092590539855 0.0554007285425792
"295" 0.06758853597319 -0.105364878661943 -0.234890666364152 -0.274840880939946
"296" 0.068185033438003 0.256052038964197 0.187028487447095 0.271009307042725
"297" 0.0859920147228248 0.459016875296329 0.146033053501893 -0.209888670995895
"298" 0.0780002253090039 0.184368962836587 0.316674207237412 0.412155027945601
"299" 0.0746139712572599 -0.0548493511018731 -0.181870920139051 -0.305704822181502
"300" 0.0671615167224668 -0.0201443573039818 -0.370687603189486 -0.381672177966217
"301" 0.0896244649156323 0.581977385757343 0.448727481357565 0.347087181535251
"302" 0.100481578717928 0.150355538923779 -0.328176929018658 -0.128640384249416
"303" 0.0870794831028353 0.416921563545887 -0.0296325721886065 -0.00243060850528805
"304" 0.0835256838193327 0.454042240989628 0.138201059678697 0.0493416187891735
"305" 0.0814632993561111 0.0619635905847434 -0.0112161970560318 -0.192041977353775
"306" 0.072658153225465 0.298766919925247 0.389989923669014 0.566486094500696
"307" 0.073167668622729 -0.358320947161519 -0.0988421140685963 -0.131282501998244
"308" 0.0794067816218057 0.404361279688985 0.226511911284579 -0.1838708429335
"309" 0.0783010194687423 -0.0759639815702865 0.206973638459135 0.209738398232135
"310" 0.0828875413400242 0.0231963671809406 0.334632488913259 0.373185664159602
"311" 0.0899847819781068 0.13477769223212 -0.045286275908311 -0.06084626303354
"312" 0.0680368744919774 -0.267276617050359 -0.168395743098219 -0.0196708131957234
"313" 0.0589407924992091 0.0121586334293462 0.244643521334678 0.426180343166175
"314" 0.0875362504442112 -0.0454917921454654 -0.0241310623558797 0.026952564630595
"315" 0.0775384124369221 0.0303778724273539 -0.033061766156573 0.0369804085579596
"316" 0.0815097824860659 0.413228242164597 0.0871093604082725 -0.0733552553529599
"317" 0.0650483544566856 -0.034664745087064 -0.406373671635721 -0.210377749925467
"318" 0.0608241549264292 0.126156462701278 0.0714582494936189 -0.0809266624072062
"319" 0.06773613096289 -0.0878990200336904 -0.06518881952771 -0.140623940489891
"320" 0.0717018595226248 -0.0330395363126894 -0.232601115691214 -0.191326433801074
"321" 0.0937832227816189 -0.0411616626527745 0.200723495350127 0.285432411318836
"322" 0.0779047050803144 0.0685899719668749 0.366652872390494 0.646503255724435
"323" 0.0800520350239116 0.0130746191533785 -0.0243875369477553 -0.0856369360807119
"324" 0.0578203451632831 0.15103068466092 -0.168549535629769 -0.231728207119654
"325" 0.0809917028661215 -0.0747147850672389 -0.0151913546025304 -0.167719427954274
"326" 0.0680272504747579 0.363037246069365 0.176766651770311 0.2575663973796
"327" 0.0742423590254272 0.43166561433315 0.232472504857243 0.0759764451081763
"328" 0.0859890860566741 -0.101120492358468 0.0650798523377503 0.163331555926411
"329" 0.0902679662780528 -0.162883478402869 0.0262673339193646 -0.066090544302013
"330" 0.096884577166395 -0.176276835472498 -0.0508558575705995 -0.10970970959609
"331" 0.0766469133372596 0.0805426518144978 -0.100445910902128 -0.122307584150152
"332" 0.0767366241785702 0.457772307786857 0.240251724255889 0.236648399447067
"333" 0.101016497928456 0.294433094099099 0.307218810031746 -0.0349666618803648
"334" 0.0700203575780086 0.315390905699882 0.266240715527554 -0.0517950392499234
"335" 0.0893862123730517 0.0964347862633567 0.0486976940886979 0.0253577860528698
"336" 0.0647644921963515 -0.451580180870327 -0.294835142168169 -0.092364946661924
"337" 0.0785451512870682 0.101469343704841 -0.0431581295569979 -0.0718402178965611
"338" 0.0814964521861102 -0.265743694007633 -0.0244208753586009 -0.0615603256318173
"339" 0.0806541010316161 0.26988931290999 0.271390130817856 0.157722247049622
"340" 0.0695591638358658 0.143334271941681 0.269526500556636 0.335694030072718
"341" 0.0820562308744892 0.373247313498847 0.300551412003905 0.169277344878155
"342" 0.0825734373501244 0.7019703887297 0.258091780808916 0.206180531173278
"343" 0.0806178621628563 0.783948679609717 0.24514965091682 0.0256929911258878
"344" 0.083549051081492 0.673614426328431 0.229483788622441 0.176043530665592
"345" 0.0846192823764527 0.263778361221959 0.218732772758774 -0.253574784736655
"346" 0.0727203177894504 -0.091342463982118 -0.0192384935772519 0.0408302965968858
"347" 0.0774300962774544 0.095805818606111 0.189032661793551 0.0793605697870582
"348" 0.0946838314210293 -0.285403702288893 -0.0609416712808791 -0.107232155439043
"349" 0.0733752343072456 0.579388080866065 0.446666560402933 0.401516430799191
"350" 0.100244761181867 -0.236056739738116 -0.00253574048166229 0.227729534261019
"351" 0.0811230323496733 -0.0917569571967949 0.126345340567639 0.1432261433019
"352" 0.0874695335110053 0.227547209767257 0.104659824720275 0.13203385800928
"353" 0.0655167626944929 -0.0727094803002883 -0.168355979666927 -0.0986876553126808
"354" 0.0681558032755166 0.175369617780291 0.208284849048657 0.144789895253532
"355" 0.0729506538302426 0.000951110451424258 0.36350344165468 0.588786724830094
"356" 0.0734505476745274 -0.00298840665842169 0.072895081918991 0.101241794613817
"357" 0.0588630418989522 0.24223767478302 0.17354003695733 0.374876742747147
"358" 0.0697809715190262 0.951813333006388 0.442026892615618 0.31564896983017
"359" 0.0847366245271641 0.0542408433184454 -0.0475087411071404 0.0123274476392428
"360" 0.0746942639061115 0.170489942638461 -0.137056312418008 -0.0208727798597112
"361" 0.0890913890316836 0.0496817450671552 -0.111632236666747 -0.261080715155893
"362" 0.0821398603958248 0.557359039659384 0.749905229838702 0.657407554043817
"363" 0.0778656600837684 0.0205949215055752 -0.0366595881258304 -0.0979370122808389
"364" 0.0815688908952997 -0.26688590296693 0.0299371168652092 0.131657095967018
"365" 0.077785524253413 0.194761900919025 0.07448844227234 0.0684640371689553
"366" 0.0879940142559357 0.258026455114789 0.131187910383468 0.247143652755065
"367" 0.0560314450271004 -0.511717336695811 -0.247435703835427 0.0774496366404443
"368" 0.0820945676504352 0.250798544730783 0.14246793390384 0.136369508109424
"369" 0.067592889952042 -0.144492203092135 -0.125896585265232 -0.132292847359958
"370" 0.0865049000577095 0.0245078534449753 -0.142567513549917 -0.271757238200963
"371" 0.0721182582696855 0.297657692825551 0.341430952114862 0.139376248848884
"372" 0.0935489586567507 0.407747504207304 0.24461057136238 0.321208520577723
"373" 0.0840501021498346 0.0595956372581496 0.0961061156476843 0.149452510459094
"374" 0.0750474742765272 -0.0298812553164103 -0.0607566093377361 -0.0931563245818922
"375" 0.0757443822361237 0.237333438964353 0.332096344452917 0.447172459135771
"376" 0.0710876370192668 -0.103563742807969 0.22547544214095 0.359062887022998
"377" 0.0706197758655777 -0.350077889457901 0.0211918076687669 -0.0246125878387051
"378" 0.0759012450214677 0.12492331090361 0.166057304260214 0.317861645824716
"379" 0.0679900987627237 0.925453868438945 0.684307567081171 0.630764143892249
"380" 0.0765072412896053 -0.148111763739732 -0.176656811921858 -0.282249194349971
"381" 0.0714328135803843 -0.0234000205684207 0.0534190925846295 0.106038015820465
"382" 0.0926513381378052 -0.113078797554801 -0.0927685596676059 -0.0815659939636115
"383" 0.0662331260954663 0.316136402341256 -0.0572702103663087 -0.134136461043379
"384" 0.0801519511203904 0.637458238432734 0.447891762043387 0.399142035749719
"385" 0.0756267889252418 0.12399534582292 -0.139893309592365 0.0139560936478768
"386" 0.0597918259448525 0.322786781212475 0.231662762823231 0.340176765941316
"387" 0.0698499461921035 0.0806793375211942 0.157319811175001 0.0886591240295636
"388" 0.0819223376789498 -0.207848013790431 -0.0510915024860231 0.450354214734628
"389" 0.0666857826662096 0.158197781378404 0.136386863384013 0.304481304403066
"390" 0.0919377989026389 0.353507051905152 0.23296628771937 0.248180692451843
"391" 0.081801987168272 0.562058811571772 0.474406815115637 0.482316459348935
"392" 0.0693303015971439 -0.3999835793231 -0.39817124310125 -0.461700816998919
"393" 0.0571892286470548 0.00468199331256835 0.288022171088009 0.238299214945973
"394" 0.0690584503105019 0.451068034820883 0.0412337620360931 0.0193456543126543
"395" 0.0697504472811041 -0.257215671109409 -0.0832723277044772 0.0123169603269876
"396" 0.0916115578662145 0.308315433867809 0.150329387665744 -0.00639411755213256
"397" 0.0688932119362771 -0.185314053333063 -0.0990600410786051 -0.0406924452259918
"398" 0.0606369699371086 -0.466963053161344 -0.209555117401371 -0.135111042368323
"399" 0.0749848670884904 0.112144707904345 0.293763371842244 0.419149678441985
"400" 0.0763694941346746 -0.408387821667654 -0.0414563814586031 -0.0144206081461004
"401" 0.0752609926944224 0.571944941556129 0.437799170868872 0.342330324671229
"402" 0.0808892141734515 -0.487407470914191 0.00879204617452097 0.208162575179156
"403" 0.0902782107640361 0.307362792882473 0.242064922556262 0.269379240712867
"404" 0.079374830184114 -0.132150161543126 -0.00765720048527178 0.115688288338706
"405" 0.0913587681253483 -0.0214341534538465 -0.0127611379672738 -0.0515271391565644
"406" 0.0745625458733909 -0.558709548079716 -0.403232883168095 -0.397172463905334
"407" 0.0737895650988142 0.102350826106852 0.0790060692468037 0.046563612304916
"408" 0.0683442899637049 -0.0328956952536777 -0.0490294880669817 -0.0850894126024466
"409" 0.0711839110268645 -0.0591574811674542 0.0451427168258109 -0.0328378897894754
"410" 0.0954823074935835 -0.152383027126855 -0.105496741213401 -0.0523881515384825
"411" 0.0746023161471194 0.381058126134215 0.321864587655045 0.240097456013927
"412" 0.0805154252780942 0.573552453454957 0.226278320648412 0.19342893594934
"413" 0.0744597402259694 0.235691481437049 0.208681006893448 0.486901134396356
"414" 0.0735061744773512 0.203654239316776 0.129697635604754 0.137206255942833
"415" 0.0778144128122608 -0.164641141872421 0.380049657123467 0.731892848294756
"416" 0.0809402065659326 0.30609792370602 0.0961926788410876 0.0528968808806059
"417" 0.070938678343403 0.732718663658491 0.658502145009082 0.485814891307432
"418" 0.0680085874917245 0.599360091637691 0.385126321865914 0.365418984274516
"419" 0.0882068436018987 0.090212998466813 -0.0627740756566362 0.0630316449470418
"420" 0.078279869085302 1.11373636530233 0.420841514440791 0.185578523623065
"421" 0.0685159140524174 0.340981913936905 0.18839143318971 0.0518716270173605
"422" 0.087840239545271 0.159704241916205 0.497348411781701 0.694310374469735
"423" 0.0908634765880172 -0.246963555796867 -0.153726475177738 -0.175104846528653
"424" 0.0806147708870752 0.0855965074086338 0.0240451141018074 -0.0646924435274004
"425" 0.0869748581491715 -0.347015330207332 -0.0769597035809433 0.180412250424265
"426" 0.0865158842895793 0.315209579117522 0.165654730853666 0.0305837577671436
"427" 0.0608247136853686 0.118936229480453 0.206970751561191 0.236196835834465
"428" 0.0829239174008543 0.0310968903604243 0.0839699747603116 0.108432922256522
"429" 0.082323128661722 0.01245075682283 0.194768059269832 0.0818961826692983
"430" 0.0793830753624644 -0.172705587127583 -0.184169449130581 -0.295442096654797
"431" 0.0726963666823402 0.324522796690935 0.314091163095116 0.338827164023313
"432" 0.0686602785751894 -0.0114108352249512 0.0967665216125978 0.460079364870077
"433" 0.0916282576295209 0.108810007294847 0.234229043670869 -0.056332578814971
"434" 0.0805890763724328 0.0704064664147763 0.273544864393328 0.168074853068301
"435" 0.0889418113954139 0.198017555940358 -0.0957344352754914 -0.348099653534233
"436" 0.0936259064019777 0.529056064672029 0.191852282754073 0.217875162762598
"437" 0.0690874873693767 0.104155932549554 0.209056073036029 0.241683238415974
"438" 0.0909969198832363 0.481201971944521 0.38199465474266 0.12705881445717
"439" 0.080739606492418 0.166676938660047 0.00158589815833952 0.00847664915281683
"440" 0.0833145524045807 0.12377842397026 0.277431814334515 0.297256512854408
"441" 0.0845415565560363 -0.0907992160071908 -0.0862338376581134 -0.0894660427872072
"442" 0.0865972016279193 0.644781019837727 0.269930751784556 0.208787953291293
"443" 0.089758742690691 -0.00493981181764058 0.0493227891066263 0.259379244054168
"444" 0.0778093530831104 -0.123316776002645 -0.119724053220919 -0.240118346852449
"445" 0.074471815084489 -0.0357851162325028 0.0143072756289601 0.101699830407322
"446" 0.0807905754081968 0.297759076807908 0.184748548843556 0.252024655232251
"447" 0.0625674849446485 0.460863897986793 0.417191120542708 0.408109720536199
"448" 0.0803247180695734 0.0080149534920284 0.0150200225966622 0.202313558716155
"449" 0.0829682980942246 0.129095575404931 0.0651068687118558 -0.0708558709235539
"450" 0.0790184004884848 0.0602426763826059 0.123395970791496 0.458113098014887
"451" 0.0789493150090995 0.90138521349042 0.442016213491958 0.28639903461791
"452" 0.0719486987793208 0.270432433718908 0.14261123597712 0.0787444388634114
"453" 0.0708657261567435 -0.0359278713597839 0.128438027398594 0.356139066525723
"454" 0.0701531702760765 0.151860482033501 0.113164905433438 0.0816511121009171
"455" 0.0839156307992097 -0.779293955388555 -0.171422158163725 -0.0800868213436026
"456" 0.0717681261857092 0.162522917900912 0.185668140078224 0.1080775541383
"457" 0.0840623980350841 -0.438481041992514 -0.136959879904404 -0.1191677199886
"458" 0.0988803655487952 0.3317987717441 0.0283680276638778 0.0231237491825999
"459" 0.0714324641974516 0.174896929921184 -0.105071032683765 -0.36230643121691
"460" 0.0880237392225766 0.0922813653479647 0.165065717142244 0.261747742550918
"461" 0.0788639981108037 0.409815444048407 0.317949611597575 0.290988153472798
"462" 0.0629989393398488 -0.257706277265821 -0.094755621927517 0.170229470126715
"463" 0.0675253492928378 0.0785042225397123 0.0767741888717358 0.199896344161908
"464" 0.0812519468491944 -0.260577446112991 -0.123993700827273 -0.0765112006737052
"465" 0.0667485627891025 0.332978389788399 0.318500339903512 0.604258610024511
"466" 0.0918138328636009 0.350031380730464 0.357151009347999 0.378049867692456
"467" 0.0680761353744316 0.0449112082547152 0.0327054141721751 0.0770991570377221
"468" 0.0890357575841895 0.610988532958944 0.380424769126042 0.261603461018352
"469" 0.0834685138989188 0.615499881607427 0.404585909032038 0.527058274434912
"470" 0.0728585489694464 0.145604608457247 -0.0116178727675128 0.298854773342308
"471" 0.087981643435577 -0.633669066218246 -0.331624787577613 -0.233733170889229
"472" 0.0780885165287275 0.402698086091303 0.292155507679372 0.411753088078844
"473" 0.0799520643869334 0.0936823546784366 0.0492523710253073 0.226166367687965
"474" 0.0692162904051173 -0.128913839466012 0.072120094692759 0.0712135055572243
"475" 0.0617348499475562 -0.00904639849077653 -0.0740660927856767 -0.0958722795055696
"476" 0.0734869741503049 0.0094876454566293 -0.0515126096006728 -0.128829037553514
"477" 0.0661628126693929 0.130799201560672 0.108195817057661 0.0367990914570405
"478" 0.077156874430473 0.151679942039175 0.202110993320522 0.211238457839959
"479" 0.0863202403771787 0.340205023293384 0.0788187180003185 0.0805906749751649
"480" 0.0690734819569932 -0.0166840211113885 -0.0782595853562658 -0.14483473804602
"481" 0.0746043370360936 -0.344919612109911 -0.13832008699935 -0.211324283499778
"482" 0.0681986255511692 -0.109797792072699 -0.266943445468948 -0.379649384567475
"483" 0.0548389944536342 0.129969136834766 0.0755569950542439 0.0990421359342572
"484" 0.0840234749078262 -0.366177501724443 -0.14629877924656 -0.1164462032361
"485" 0.090500034101503 -0.462638103370254 -0.169805007389968 -0.165420669383331
"486" 0.0863902823579985 -0.469367153195404 -0.0548653955825921 0.188433444899507
"487" 0.073076340870502 -0.108980477010698 -0.114521760653947 -0.180534481082071
"488" 0.0831685144904985 0.181359027227118 0.0387943935463607 -0.0662850688315283
"489" 0.077437363952828 -0.348673366108812 -0.251635141170464 -0.133072611419655
"490" 0.067348915292795 0.351762938577483 0.57932977048904 0.710397006999857
"491" 0.0658401113652403 -0.32904507238665 -0.229705754716024 -0.124151764381436
"492" 0.0909288304583176 0.0724667219270618 -0.131515968686033 -0.0540376019531364
"493" 0.0881624218870736 -0.327793749237673 -0.168837205733117 -0.0306359765147024
"494" 0.0768639724355741 0.284948639385426 0.211646348552058 0.431784499343489
"495" 0.0731384651608581 -0.0497059604471093 0.147942972560485 0.190441849420011
"496" 0.0723075357219596 0.274417365290572 0.286294987388395 0.358380383502545
"497" 0.0771243594382115 0.0690642003371885 -0.0624233153048716 -0.16317227210615
"498" 0.0957741912315425 -0.12165165790009 0.268018429942502 0.276534528941724
"499" 0.0709484453278193 -0.153127600206271 0.0827079931194472 0.22888078578955
"500" 0.0723375358203211 -0.0162961819348262 -0.0297933658286918 -0.167684217245415
